0.00 2149739 4378125 4019166
0.55 2137239 4378437 4020833
1.10 2113281 4378984 4020833
1.65 2113801 4379687 4020833
2.21 2186978 4380664 4020833
2.79 2179166 4380038 4020833
3.34 2183854 4380390 4020833
3.88 2187500 4381601 4022500
4.43 2160676 4380859 4022500
5.01 2212238 4381484 4022500
5.71 2215884 4382069 4022500
6.40 2193488 4383124 4022500
7.11 2218749 4383398 4024166
7.81 2196875 4382500 4024166
8.39 2068488 4379882 4024166
8.98 2095312 4379570 4024166
9.59 2122134 4380585 4024166
10.18 2190624 4382148 4024166
10.80 2145312 4382343 4025833
11.41 2192187 4383007 4025833
12.02 2156770 4382656 4025833
12.62 2184634 4383281 4025833
13.21 2201301 4383710 4025833
13.80 2180468 4383359 4025833
14.40 2187759 4383632 4027500
15.00 2177343 4384296 4027500
15.63 2202604 4384257 4030000
16.24 2172395 4384413 4030000
16.85 2200520 4384101 4030000
17.45 2186718 4384374 4030000
18.06 2190103 4383788 4031666
18.66 2178124 4385390 4031666
19.27 2213280 4385703 4031666
19.88 2158593 4383984 4031666
20.51 2188020 4385312 4031666
21.10 2161718 4385429 4031666
21.71 2143749 4384531 4033333
22.31 2155208 4385039 4033333
22.90 2173437 4385351 4033333
23.51 2140103 4384804 4033333
24.10 2173957 4386210 4033333
24.71 2190104 4386796 4035000
25.35 2195832 4385507 4035000
25.95 2164582 4385507 4035000
26.56 2180468 4385546 4035000
27.17 2206250 4385898 4035000
27.77 2192447 4386640 4035000
28.37 2141145 4385663 4035000
29.01 2198957 4386640 4036666
29.66 2171874 4385742 4036666
30.36 2179426 4387343 4036666
31.05 2135937 4386484 4036666
31.76 2180468 4387460 4038333
32.45 2118228 4386328 4038333
33.15 2206249 4387812 4038333
33.84 2212238 4387538 4038333
34.53 2184634 4387382 4040833
35.22 2160937 4387382 4042500
35.94 2205208 4388437 4042500
36.64 2191145 4386406 4042500
37.34 2219791 4388046 4042500
38.02 2202082 4388984 4042500
38.71 2184374 4389375 4044166
39.42 2196354 4388828 4044166
40.11 2187759 4389140 4044166
40.80 2141666 4388554 4044166
41.49 2201562 4389531 4044166
42.18 2208853 4389492 4045833
42.87 2190363 4388749 4045833
43.57 2221875 4390077 4045833
44.26 2238281 4390312 4045833
44.95 2210937 4390429 4045833
45.63 2160416 4388984 4047500
46.32 2229166 4391835 4047500
47.01 2191666 4390390 4047500
47.70 2188541 4390116 4047500
48.39 2118228 4390116 4047500
49.07 2193749 4390195 4047500
49.76 2213801 4390742 4049166
50.45 2220051 4390781 4049166
51.14 2226562 4391366 4049166
51.84 2183072 4392500 4049166
52.53 2208072 4391406 4049166
53.13 2151301 4391328 4050833
53.72 2179166 4391874 4053333
54.32 2187499 4392031 4053333
54.92 2177083 4391484 4053333
55.53 2208333 4391835 4053333
56.12 2216145 4391992 4053333
56.74 2160676 4390976 4055000
57.36 2216666 4392031 4055000
57.97 2180728 4392656 4055000
58.57 2202343 4391991 4055000
59.17 2134113 4390741 4055000
59.76 2192707 4392343 4056666
60.37 2169009 4391640 4056666
60.99 2166145 4392382 4056666
61.59 2184375 4393007 4056666
62.18 2182291 4392226 4056666
62.79 2173957 4393046 4056666
63.38 2176301 4392226 4058333
63.99 2148176 4393007 4058333
64.58 2172656 4392382 4058333
65.20 2184895 4393085 4058333
65.81 2181250 4393515 4058333
66.40 2183593 4393398 4058333
66.99 2144530 4392421 4060000
67.60 2203384 4393202 4060000
68.19 2153125 4393632 4060000
68.79 2182812 4394218 4060000
69.42 2201562 4393788 4060000
70.02 2198957 4394804 4060000
70.63 2107030 4394101 4061666
71.23 2175520 4393828 4061666
71.84 2179947 4392617 4061666
72.43 2158854 4394023 4064166
73.04 2176041 4393905 4064166
73.64 2199478 4394921 4064166
74.23 2195832 4395078 4065833
74.84 2131770 4393515 4065833
